input

     0.218252      0.449944 
    0.0933699      0.724729 
     0.101986      0.246566 
    0.0802345      0.602574 
     0.237019      0.651686 
     0.208312      0.154505 
     0.151984      0.489446 
     0.706839      0.611912 
     0.568434      0.434294 
     0.593597      0.289596 
     0.180242    0.00709825 
     0.284727      0.935815 
     0.520061      0.341692 
     0.592324      0.733676 
     0.398849      0.156818 
     0.339864    0.00178424 
     0.841321      0.373243 
     0.430194       0.39839 
     0.129168      0.639617 
     0.508433      0.131816 
     0.201509      0.132007 
     0.386837      0.740881 
     0.574478      0.944102 
     0.382991      0.956267 
    0.0204796      0.384217 
     0.440143       0.17593 
     0.874753      0.667646 
     0.469882       0.43628 
     0.891253     0.0419764 
    0.0633949      0.129431 
     0.905393      0.630062 
     0.940747      0.102027 
     0.939116      0.549449 
    0.0272193      0.637176 
     0.591539      0.973259 
     0.235856      0.559017 
     0.172152      0.193494 
     0.724091        0.9714 
     0.774283      0.680345 
     0.931121      0.797946 
     0.252471   0.000715427 
       0.8637      0.496284 
     0.597387      0.158494 
      0.71401      0.527605 
     0.948699       0.52843 
      0.50839      0.335672 
     0.152703      0.121641 
     0.912666      0.122135 
     0.296293       0.80667 
     0.665342      0.207081 
     0.189026     0.0210934 
     0.873399      0.222142 
     0.378369      0.867671 
      0.88132      0.306938 
     0.276687      0.768312 
     0.925417      0.672379 
     0.286365      0.200214 
     0.205954      0.990878 
     0.915156      0.534133 
     0.772924      0.618682 
     0.733055     0.0382086 
       0.9025      0.832832 
     0.129247      0.753707 
    0.0299017      0.775706 
     0.368067      0.997995 
     0.133669      0.517941 
     0.300664      0.835416 
     0.691486     0.0803077 
     0.489373       0.49139 
     0.992431      0.479343 
     0.280594       0.63694 
     0.560771      0.857114 
     0.322803      0.120608 
     0.626768      0.300289 
      0.11981      0.272974 
     0.261757      0.676328 
      0.64123      0.403982 
     0.181279      0.879052 
      0.42978      0.441091 
     0.248491      0.946924 
     0.447718      0.996766 
    0.0358421     0.0501622 
     0.630111      0.351169 
     0.312035      0.608604 
     0.634874      0.480672 
     0.925477      0.868176 
     0.287804      0.272389 
     0.129086      0.807533 
     0.589784     0.0465659 
     0.167893      0.471877 
     0.756014      0.544908 
     0.592766     0.0741866 
     0.337703       0.92238 
     0.669339      0.962368 
     0.550559      0.802369 
     0.690678      0.201972 
     0.318557      0.907321 
    0.0436231      0.238235 
     0.349003      0.271358 
            1      0.893482 
     0.831824      0.377801 
     0.766939      0.514462 
     0.273796      0.477127 
     0.926815      0.596042 
      0.24029      0.516754 
     0.217307      0.570182 
     0.620149      0.283479 
     0.987336      0.492603 
     0.507825      0.888072 
     0.398471      0.437437 
     0.607796      0.640165 
     0.513772      0.721192 
   0.00996006      0.650725 
   0.00175368      0.617915 
     0.383087      0.353179 
     0.418658      0.157655 
     0.380919      0.277735 
      0.10554      0.247348 
     0.336187      0.935874 
      0.14868      0.488693 
     0.252255      0.382413 
     0.260773      0.734611 
     0.906748      0.740029 
     0.978878      0.867593 
    0.0754768      0.689368 
     0.238383      0.871587 
     0.860692      0.688009 
     0.927729      0.140193 
     0.288059      0.961802 
     0.726677      0.152554 
     0.568666      0.230712 
       0.6762      0.175635 
     0.131081      0.839262 
     0.134313      0.457828 
    0.0295757       0.55856 
     0.444268      0.657729 
     0.776388      0.955154 
     0.661154     0.0329264 
     0.184705      0.587854 
     0.133199      0.201312 
     0.466045      0.576197 
     0.153936      0.219618 
      0.22967             1 
    0.0449175      0.847886 
     0.696615      0.616394 
     0.339323       0.70392 
     0.526361      0.439784 
     0.400678      0.249053 
     0.819313      0.412242 
     0.362126      0.370802 
     0.246665          0.61 
     0.622268      0.263464 
     0.327163      0.295712 
     0.525571      0.483295 
     0.109119      0.957498 
    0.0923078     0.0221608 
     0.101842      0.011388 
    0.0821647      0.660506 
     0.836261      0.574271 
     0.290268      0.598741 
     0.576433      0.406879 
     0.278399      0.169594 
      0.23419      0.543208 
     0.585229      0.802943 
     0.993589      0.565166 
      0.64591      0.741192 
    0.0165153      0.240379 
      0.26285      0.942119 
     0.237725     0.0153223 
     0.540073      0.128522 
     0.301712      0.383885 
     0.203971      0.685672 
      0.53764     0.0678829 
     0.399801      0.809292 
     0.277563      0.531179 
     0.808034      0.897341 
     0.718042      0.100016 
     0.702491        0.7236 
     0.105446     0.0639292 
     0.614318      0.406922 
     0.611163      0.191173 
     0.621821      0.212537 
     0.617245      0.959454 
     0.819006      0.953599 
     0.791951      0.680882 
      0.20599      0.647804 
     0.103217    0.00252071 
     0.697982      0.829881 
     0.614504      0.920939 
     0.175173      0.920453 
     0.293154      0.757526 
     0.713321      0.590215 
     0.234655      0.153836 
       0.8619       0.29953 
     0.602563      0.358522 
     0.607149      0.612751 
     0.718406      0.641642 
    0.0225128      0.720122 
     0.761531      0.335968 
     0.636154      0.917864 
     0.322286      0.403722 
     0.894394      0.828021 
     0.944509      0.443137 
     0.539978      0.972368 
     0.363931       0.10515 
     0.978259      0.698702 
     0.293219      0.513749 
     0.507821      0.803391 
     0.200377       0.46853 
     0.617348      0.895861 
     0.552725        0.3202 
     0.912164      0.639143 
     0.570715      0.600243 
     0.818477      0.810727 
       0.6907      0.549491 
     0.816999      0.294859 
     0.289677       0.37196 
     0.675007      0.698679 
            0       0.78689 
     0.367218      0.903942 
     0.212886      0.067309 
      0.10559      0.321747 
     0.487799      0.597173 
     0.989047      0.378499 
     0.126829      0.580581 
     0.695246      0.522358 
     0.760843     0.0457164 
     0.550459      0.275095 
     0.650615      0.955971 
     0.101599      0.561492 
     0.168071      0.578298 
     0.430491     0.0518148 
     0.950376    0.00842959 
     0.506293             0 
      0.77816      0.340192 
     0.950333      0.735674 
    0.0987492      0.171481 
      0.60633     0.0127614 
     0.451233      0.562151 
     0.262737      0.142965 
     0.864584      0.588333 
    0.0694768      0.399715 
     0.827409      0.908374 
     0.549737      0.593743 
     0.871854      0.604096 
     0.174056       0.74013 
     0.982237      0.674884 
      0.96116       0.87365 
     0.646182      0.480488 
     0.775426      0.458278 
     0.779395      0.539829 
     0.637228      0.238166 
     0.699422      0.325848 
     0.515004      0.103653 
     0.610609      0.751506 
     0.222637      0.516882 
     0.601764      0.236485 
     0.576543      0.593585 
     0.866889      0.393891 
     0.701621     0.0381629 
     0.556459      0.614647 
     0.211815       0.89925 
     0.373731      0.198924 
      0.43287      0.877097 
     0.413936      0.385272 
      0.76276      0.183509 
    0.0707449       0.22514 
    0.0366031      0.848397 
     0.306881      0.885723 
     0.500065     0.0857629 
     0.616434      0.174194 
     0.989382      0.390189 
     0.722803      0.378077 
     0.944176       0.39449 
     0.916828      0.458558 
    0.0432946      0.302896 
     0.780432      0.819718 
     0.772072      0.443644 
     0.421616      0.347924 
     0.143228      0.849116 
     0.888657      0.951811 
     0.154451      0.865646 
      0.30231      0.539837 
     0.302099      0.749755 
      0.23217      0.618222 
     0.595689      0.891016 
     0.580544      0.597241 
    0.0747106      0.301276 
     0.402996      0.210324 
     0.217028     0.0896065 
     0.362845      0.335463 
     0.605669      0.579701 
     0.576262      0.298126 
     0.837014      0.797711 
     0.041102      0.255137 
    0.0620057       0.81375 
     0.432345      0.890104 
      0.35722     0.0667456 
     0.361542      0.559262 
     0.525267      0.272686 
     0.146044        0.5224 
     0.397826      0.433305 
       0.5187      0.367648 
     0.551827      0.315643 
     0.173648      0.421427 
     0.558377      0.886215 
     0.617379      0.417305 
     0.717147      0.348759 
     0.203547       0.14767 
     0.657038      0.607247 
     0.202849      0.243176 
     0.406568      0.767855 
      0.53967      0.665829 
      0.32789      0.523581 
     0.427382      0.434644 
     0.721416       0.35944 
     0.864466       0.15612 
     0.986855      0.703708 
     0.151155      0.430175 
     0.505805      0.237498 
     0.377821      0.601545 
      0.87105      0.561632 
     0.778789      0.110837 
     0.549417      0.506387 
     0.377701      0.303272 
     0.751433      0.319447 
     0.687379      0.843599 
     0.680522      0.667189 
     0.962175     0.0670182 
     0.950158   0.000939392 
     0.175635      0.369608 
     0.769504     0.0368356 
     0.719304       0.22439 
     0.224239      0.257272 
     0.437765      0.531768 
     0.755115      0.290302 
     0.541608       0.48191 
     0.377445      0.278963 
     0.900817       0.33303 
     0.456534      0.181027 
    0.0526555      0.611813 
     0.372381      0.025826 
     0.914829      0.691797 
     0.384157      0.409701 
     0.788397      0.879088 
     0.882859      0.651488 
     0.355116      0.693342 
     0.990211     0.0505959 
     0.639279      0.943343 
     0.803815      0.338094 
     0.218033       0.22043 
     0.608937      0.711812 
     0.769096      0.137899 
     0.957626      0.260777 
     0.999718       0.45095 
     0.655201      0.993728 
     0.444383      0.735124 
     0.354397      0.680494 
     0.212605      0.176104 
output

     0.212809 
    0.0634576 
     0.208352 
    0.0853771 
     0.161852 
     0.322557 
     0.159309 
     0.443636 
      0.43803 
     0.526213 
     0.374681 
     0.114954 
     0.450365 
     0.332995 
     0.461038 
     0.506445 
     0.643623 
     0.366225 
     0.104002 
     0.556334 
     0.328035 
     0.219014 
     0.257254 
     0.158955 
     0.108213 
     0.480654 
     0.351992 
     0.375301 
     0.915452 
      0.22641 
     0.549384 
     0.902231 
     0.608356 
    0.0466484 
     0.257378 
     0.188428 
     0.279042 
     0.323146 
     0.453425 
     0.490555 
     0.436508 
     0.590404 
      0.60539 
     0.484763 
     0.624971 
     0.445569 
      0.29644 
     0.864623 
     0.152374 
     0.623952 
     0.374179 
      0.76129 
     0.179157 
     0.710269 
     0.151955 
     0.541278 
      0.35772 
    0.0641127 
     0.601946 
     0.478715 
     0.794036 
     0.461681 
    0.0762781 
    0.0181635 
     0.141607 
     0.139765 
     0.147305 
      0.72931 
     0.364561 
     0.678246 
     0.190818 
     0.276055 
     0.424254 
      0.54284 
     0.210855 
     0.168809 
     0.498477 
    0.0754227 
     0.348178 
    0.0944013 
     0.180703 
     0.239042 
     0.517993 
     0.217468 
     0.458177 
     0.459981 
     0.326142 
    0.0640405 
     0.675027 
     0.174484 
     0.501882 
     0.657782 
     0.144658 
     0.298912 
     0.287775 
     0.645212 
      0.13867 
     0.170716 
     0.368533 
     0.488303 
      0.63485 
     0.522733 
     0.237917 
     0.577889 
     0.204345 
      0.17413 
     0.547604 
     0.667694 
      0.23976 
     0.330039 
      0.37569 
     0.294364 
    0.0337989 
    0.0365024 
     0.355076 
     0.475084 
     0.387422 
     0.210529 
     0.140636 
     0.157519 
     0.258281 
     0.152287 
     0.501447 
     0.487633 
    0.0617289 
     0.106343 
     0.498294 
     0.861427 
     0.110693 
     0.704081 
     0.541622 
     0.651777 
    0.0581757 
     0.158082 
     0.062315 
     0.276906 
      0.35413 
     0.741398 
     0.149922 
     0.247531 
     0.317932 
     0.255225 
    0.0737953 
       0.0117 
     0.435889 
     0.203921 
     0.409193 
     0.414731 
     0.607534 
     0.333958 
     0.179377 
     0.560279 
     0.342774 
     0.390029 
    0.0230981 
     0.296555 
     0.309466 
    0.0722556 
     0.535536 
      0.20797 
     0.455775 
      0.36659 
     0.192327 
     0.305898 
     0.632422 
     0.359461 
     0.151053 
     0.102614 
     0.416255 
     0.581922 
     0.289618 
      0.13405 
     0.619544 
       0.2062 
     0.222041 
     0.389417 
     0.735059 
     0.396745 
     0.287028 
     0.479886 
     0.595078 
     0.589718 
     0.274028 
     0.375763 
     0.463053 
     0.145388 
     0.315006 
     0.356083 
     0.284071 
    0.0634556 
     0.163672 
     0.456601 
     0.342194 
       0.7019 
     0.496197 
     0.385937 
     0.437901 
    0.0257113 
     0.612855 
     0.295888 
     0.295113 
     0.459316 
     0.669132 
     0.232263 
      0.46367 
     0.558723 
     0.237247 
     0.264889 
     0.195582 
     0.293133 
     0.482685 
     0.549023 
     0.369789 
     0.426116 
     0.461047 
     0.674498 
     0.286475 
     0.391065 
            0 
     0.164109 
     0.368604 
      0.18387 
     0.322927 
     0.736099 
     0.118193 
      0.46978 
     0.809857 
     0.504609 
     0.291573 
     0.108527 
     0.142926 
     0.546762 
     0.993045 
     0.642102 
     0.621411 
     0.526987 
     0.235248 
     0.713172 
     0.314386 
      0.36812 
     0.545438 
     0.135035 
     0.395387 
     0.360134 
     0.542241 
     0.103754 
     0.571903 
     0.476181 
     0.465197 
     0.555661 
      0.51816 
     0.585292 
     0.577387 
     0.578801 
     0.336722 
     0.193669 
     0.561494 
     0.375755 
     0.648201 
     0.769289 
      0.35606 
    0.0865226 
      0.42074 
     0.204568 
     0.361376 
     0.709072 
     0.194459 
   0.00729514 
     0.137997 
     0.578862 
     0.609395 
     0.729042 
     0.564191 
     0.697406 
     0.643225 
     0.148473 
     0.402805 
      0.56107 
     0.382663 
    0.0623538 
     0.410914 
    0.0645796 
     0.233957 
     0.170605 
     0.168641 
     0.297059 
     0.376647 
     0.170182 
     0.435762 
     0.360405 
     0.349379 
     0.398239 
     0.503399 
     0.478751 
     0.163061 
    0.0274196 
     0.200771 
     0.480636 
     0.262521 
     0.488641 
     0.145912 
     0.331285 
     0.437083 
     0.484404 
     0.194348 
     0.266057 
     0.476835 
     0.576413 
     0.322218 
     0.416875 
     0.279857 
     0.221707 
     0.327755 
     0.254759 
     0.349307 
     0.573359 
     0.802578 
     0.561191 
     0.177303 
      0.49387 
     0.257733 
     0.562032 
     0.772926 
     0.394889 
     0.373512 
     0.615679 
     0.345902 
     0.406274 
     0.948737 
            1 
     0.213313 
       0.8239 
     0.651257 
     0.288838 
     0.317656 
     0.635367 
     0.400442 
     0.384479 
     0.706814 
     0.489694 
    0.0671874 
     0.517377 
     0.526695 
     0.332155 
     0.385766 
     0.526781 
     0.215798 
     0.985337 
     0.289731 
     0.639572 
     0.300117 
     0.349799 
     0.745732 
     0.793021 
     0.699065 
     0.282675 
     0.252022 
     0.219284 
     0.315814 
