result

      1511.22 
      1267.08 
      1553.33 
      1284.42 
       1352.8 
      1994.49 
      1377.22 
      2363.39 
      2342.93 
      2454.12 
       2173.3 
      1275.57 
       2361.8 
      1974.32 
       2368.7 
      2417.45 
      2503.42 
      2138.16 
      1292.56 
      2467.42 
      2017.19 
      1461.77 
      1555.85 
      1308.69 
      1327.37 
      2398.79 
      2461.45 
      2169.61 
      2506.43 
      1645.43 
       2481.9 
      2505.69 
      2499.23 
      1266.73 
       1550.3 
      1420.73 
      1819.73 
      1895.19 
       2385.4 
      2443.66 
         2316 
      2494.39 
      2491.35 
      2424.66 
      2501.77 
      2352.57 
      1901.75 
      2506.97 
      1318.19 
      2497.85 
       2171.7 
      2508.67 
      1347.53 
      2507.82 
      1322.46 
      2478.89 
      2115.75 
       1256.9 
      2497.78 
      2421.46 
       2510.7 
      2406.71 
      1269.75 
      1256.91 
      1288.36 
      1342.89 
      1309.24 
      2509.64 
      2129.24 
      2505.96 
      1410.03 
      1660.64 
      2297.85 
      2466.81 
      1553.27 
      1359.94 
      2434.11 
      1263.23 
      2067.05 
      1265.97 
      1332.48 
      1711.65 
      2450.34 
       1486.6 
      2383.31 
      2405.54 
      1993.86 
      1263.34 
      2504.79 
      1409.24 
      2444.62 
      2502.43 
      1297.68 
       1759.7 
      1730.22 
      2502.12 
      1293.85 
      1457.43 
      2149.49 
      2444.91 
      2502.24 
       2461.6 
      1587.96 
      2492.36 
      1470.28 
      1388.47 
      2469.13 
      2505.49 
      1498.75 
      1991.37 
      2168.88 
      1779.17 
      1263.08 
       1265.1 
      2098.97 
       2389.9 
      2208.98 
      1559.67 
      1292.92 
      1374.34 
      1690.87 
      1327.25 
       2452.4 
      2443.19 
      1268.41 
      1275.35 
      2447.26 
      2506.74 
       1271.8 
      2508.26 
      2462.73 
      2502.88 
      1260.73 
      1381.28 
      1278.74 
      1707.05 
      2064.54 
      2510.28 
      1345.47 
      1699.25 
      1919.36 
      1721.33 
       1258.3 
      1255.12 
       2347.4 
      1427.85 
       2274.5 
      2281.79 
      2497.47 
      2014.75 
      1391.07 
      2475.69 
      2056.24 
      2218.94 
      1253.99 
      1921.02 
      1967.98 
      1273.89 
      2472.65 
      1461.25 
      2375.09 
      2145.87 
      1433.29 
      1824.52 
      2502.81 
       2099.4 
       1416.7 
      1269.36 
      2275.81 
      2481.02 
      1822.52 
      1312.86 
      2493.11 
      1412.92 
      1519.55 
       2221.6 
      2509.74 
      2244.74 
      1878.43 
      2411.88 
      2488.75 
      2487.41 
      1629.63 
      2166.43 
      2401.74 
      1330.54 
      1988.27 
      2080.11 
      1687.92 
      1258.94 
      1339.44 
      2386.44 
      2065.33 
      2507.66 
      2429.13 
      2206.37 
      2352.96 
      1259.23 
      2497.53 
      1751.04 
      1842.69 
      2402.62 
      2505.72 
      1456.04 
      2369.43 
      2487.52 
      1576.15 
      1619.74 
      1458.55 
      1740.27 
      2410.55 
      2481.96 
      2146.68 
      2333.23 
      2391.79 
      2506.26 
      1811.37 
      2225.06 
      1255.54 
      1320.77 
      2154.79 
      1465.98 
      1940.46 
      2507.11 
      1310.29 
      2412.75 
      2510.32 
      2433.45 
      1720.76 
      1304.17 
      1337.58 
      2456.58 
      2503.65 
      2497.39 
      2499.48 
      2472.29 
      1662.65 
       2508.7 
      1904.47 
      2151.39 
      2478.77 
      1356.73 
      2243.68 
      2108.08 
       2477.5 
      1283.55 
      2491.77 
      2429.61 
      2394.73 
      2480.17 
      2459.04 
      2486.49 
         2486 
      2478.48 
      1991.19 
      1442.46 
      2475.25 
      2169.58 
      2504.05 
      2510.79 
      2090.08 
      1265.63 
      2293.74 
      1396.61 
      2120.91 
      2508.44 
      1519.87 
      1254.93 
      1295.27 
       2477.7 
      2493.09 
      2507.08 
       2481.8 
      2506.96 
      2503.71 
      1397.35 
      2266.86 
      2482.35 
       2194.6 
      1261.25 
      2296.35 
      1261.11 
      1557.75 
      1351.18 
      1369.57 
      1691.47 
      2172.87 
      1439.89 
      2326.41 
      2129.25 
      2078.54 
      2246.54 
       2440.1 
      2366.55 
      1436.55 
      1256.91 
      1385.67 
      2391.26 
      1665.07 
      2415.23 
       1350.5 
      1997.17 
      2337.51 
       2412.5 
      1466.85 
      1607.15 
      2408.33 
      2486.28 
      1994.11 
      2301.12 
      1811.73 
      1464.16 
      1955.64 
      1641.31 
      2072.01 
      2485.32 
      2508.69 
      2488.56 
      1424.42 
      2419.34 
      1634.73 
      2485.91 
      2509.96 
      2234.65 
      2165.32 
      2497.92 
      2029.71 
      2273.35 
      2504.31 
      2503.52 
       1533.9 
      2510.13 
      2503.34 
      1845.07 
      1924.17 
      2501.49 
      2250.98 
      2200.14 
      2507.57 
      2410.73 
      1275.09 
      2430.29 
      2470.77 
      2003.32 
      2207.48 
      2469.53 
      1462.52 
      2503.01 
      1713.27 
      2502.63 
      1897.74 
      2057.02 
      2509.67 
      2507.27 
      2506.55 
      1666.41 
      1579.79 
      1475.75 
      1966.25 
