result

     0.168426 
    0.0689241 
     0.185588 
    0.0759941 
     0.103863 
     0.365386 
     0.113813 
     0.515731 
     0.507392 
     0.552711 
     0.438259 
     0.072386 
     0.515083 
     0.357163 
     0.517894 
     0.537764 
       0.5728 
     0.423937 
    0.0793096 
     0.558131 
     0.374636 
     0.148272 
     0.186616 
    0.0858857 
    0.0934951 
     0.530158 
     0.555696 
     0.436755 
     0.574027 
     0.223123 
     0.564032 
     0.573727 
     0.571096 
    0.0687816 
     0.184353 
     0.131548 
     0.294159 
     0.324916 
       0.5247 
     0.548447 
     0.496417 
     0.569122 
     0.567884 
     0.540701 
      0.57213 
      0.51132 
     0.327588 
     0.574248 
    0.0897569 
      0.57053 
     0.437607 
     0.574942 
     0.101715 
     0.574594 
    0.0914948 
     0.562803 
     0.414804 
    0.0647762 
     0.570504 
     0.539397 
      0.57577 
     0.533387 
    0.0700122 
     0.064782 
    0.0775971 
    0.0998208 
    0.0861068 
     0.575338 
     0.420305 
     0.573835 
     0.127186 
     0.229322 
     0.489019 
     0.557881 
     0.185564 
     0.106771 
     0.544554 
    0.0673584 
     0.394955 
    0.0684713 
    0.0955787 
      0.25011 
     0.551168 
      0.15839 
     0.523848 
     0.532908 
     0.365128 
    0.0674011 
     0.573361 
     0.126863 
     0.548837 
     0.572396 
    0.0813973 
     0.269694 
      0.25768 
      0.57227 
    0.0798347 
     0.146505 
     0.428554 
     0.548956 
     0.572321 
     0.555757 
     0.199702 
     0.568295 
     0.151741 
     0.118399 
     0.558827 
     0.573645 
     0.163345 
     0.364115 
     0.436457 
     0.277632 
    0.0672941 
    0.0681198 
     0.407966 
     0.526538 
     0.452801 
     0.188172 
    0.0794551 
     0.112641 
     0.241644 
      0.09345 
     0.552009 
     0.548254 
    0.0694659 
    0.0722979 
     0.549914 
     0.574154 
    0.0708511 
     0.574773 
     0.556216 
      0.57258 
    0.0663384 
     0.115468 
    0.0736791 
     0.248237 
     0.393932 
     0.575596 
     0.100873 
      0.24506 
     0.334767 
     0.254057 
    0.0653473 
    0.0640493 
     0.509214 
     0.134449 
     0.479504 
     0.482474 
     0.570375 
      0.37364 
     0.119457 
     0.561502 
     0.390551 
      0.45686 
     0.063591 
     0.335443 
     0.354581 
     0.071702 
     0.560262 
     0.148061 
       0.5205 
     0.427082 
     0.136667 
     0.296113 
     0.572552 
     0.408143 
     0.129904 
    0.0698544 
     0.480039 
     0.563674 
     0.295298 
    0.0875816 
     0.568601 
     0.128365 
     0.171819 
     0.457945 
     0.575379 
     0.467377 
     0.318085 
     0.535496 
     0.566822 
     0.566276 
     0.216683 
     0.435459 
     0.531362 
    0.0947879 
      0.36285 
     0.400278 
     0.240442 
    0.0656066 
    0.0984161 
     0.525124 
     0.394254 
      0.57453 
     0.542524 
     0.451737 
      0.51148 
    0.0657274 
     0.570402 
     0.266164 
     0.303516 
     0.531721 
     0.573739 
     0.145937 
     0.518192 
     0.566323 
      0.19489 
     0.212652 
     0.146961 
     0.261778 
     0.534951 
     0.564055 
     0.427411 
     0.503441 
     0.527307 
     0.573957 
     0.290754 
     0.459353 
    0.0642237 
    0.0908091 
     0.430716 
     0.149988 
     0.343363 
     0.574306 
    0.0865341 
      0.53585 
     0.575614 
     0.544286 
     0.253827 
    0.0840407 
    0.0976577 
     0.553711 
     0.572895 
     0.570345 
     0.571197 
     0.560115 
     0.230143 
     0.574953 
     0.328698 
     0.429329 
     0.562757 
     0.105464 
     0.466944 
     0.411681 
     0.562239 
    0.0756366 
     0.568052 
     0.542721 
     0.528504 
     0.563326 
     0.554712 
     0.565902 
     0.565703 
     0.562636 
     0.364038 
     0.140401 
     0.561322 
     0.436743 
     0.573057 
     0.575805 
     0.404343 
    0.0683338 
     0.487344 
     0.121716 
      0.41691 
     0.574849 
      0.17195 
    0.0639741 
    0.0804161 
     0.562319 
     0.568591 
     0.574291 
     0.563991 
     0.574243 
     0.572919 
     0.122017 
     0.476392 
     0.564214 
     0.446939 
    0.0665498 
     0.488407 
    0.0664928 
     0.187391 
     0.103199 
     0.110696 
     0.241888 
     0.438084 
     0.139355 
     0.500661 
     0.420306 
     0.399639 
     0.468108 
     0.546994 
     0.517019 
     0.137995 
    0.0647799 
     0.117257 
     0.527091 
     0.231129 
     0.536858 
     0.102923 
     0.366478 
     0.505183 
     0.535746 
     0.150345 
     0.207521 
     0.534047 
     0.565815 
     0.365229 
     0.490354 
     0.290901 
     0.149247 
     0.349553 
     0.221444 
     0.396978 
     0.565426 
     0.574951 
     0.566747 
     0.133051 
     0.538534 
     0.218762 
     0.565666 
     0.575467 
     0.463262 
     0.435008 
     0.570561 
     0.379738 
     0.479034 
     0.573164 
     0.572841 
     0.177668 
     0.575534 
     0.572769 
     0.304486 
     0.336724 
     0.572015 
     0.469919 
     0.449199 
     0.574492 
     0.535025 
    0.0721905 
     0.542998 
     0.559493 
     0.368985 
     0.452191 
     0.558989 
     0.148579 
     0.572634 
     0.250771 
     0.572479 
     0.325955 
     0.390868 
     0.575347 
     0.574371 
     0.574079 
     0.231674 
     0.196372 
     0.153969 
     0.353875 
